0
0
0
0
0
0
0
0
0
0
0
0
0
3.39159
4.78323
9.41269
15.2231
20.2126
28.1648
36.6056
49.6234
58.7076
65.8239
68.6917
71.0009
74.0096
74.7644
72.1116
72.0241
68.9644
67.3925
65.0739
65.7963
63.1208
57.0189
53.4074
52.2326
54.5256
56.1131
59.3725
59.6786
60.3345
58.9023
57.9382
56.5203
48.7131
39.5286
35.855
34.2977
27.6167
20.7677
13.6062
2.0404
-11.1666
-22.726
-32.0335
-39.5762
-45.1355
-45.2768
-46.1126
-53.6676
-57.5946
-58.4664
-64.8522
-74.0872
-74.8223
-71.271
-68.8216
-57.9038
-57.643
-53.6349
-52.1924
-53.9697
-48.7155
-44.9684
-45.1155
-41.5041
-30.1473
-18.4652
-11.7433
-1.06219
0.432764
-2.13174
-4.00128
-6.53937
-3.44288
-2.49815
-2.20746
0.653903
5.01083
5.34359
-2.27242
-9.12832
-17.3042
-24.8715
-28.9972
-27.9975
-26.7432
-27.9576
-29.3765
-25.3777
-22.1568
-20.406
-18.5185
-12.0979
-3.62974
3.97111
12.3478
22.3658
29.0789
36.3386
43.6251
51.3583
56.9885
58.8867
62.7261
66.6619
72.4036
75.0543
79.2128
78.3987
74.0465
67.5266
60.5216
53.7397
49.0248
43.8647
39.8214
30.6712
20.8443
11.364
-0.444188
-12.8149
-24.128
-29.272
-30.9313
-32.5612
-30.9168
-31.8324
-33.3526
-32.8882
-31.8924
-24.8744
-19.1087
-9.20501
3.12966
14.7069
23.433
31.5292
36.7492
41.2885
46.1177
50.9571
54.4817
59.6213
59.9998
58.0944
58.344
55.0079
51.427
48.6055
49.1208
49.4453
47.7089
43.4357
39.9793
38.7096
37.7462
36.1581
37.8826
39.1586
36.2434
34.5192
32.3147
27.259
22.0121
18.906
18.2028
17.3807
16.9588
11.8974
8.96097
9.71051
9.12456
11.802
17.9006
19.2147
22.8358
26.8591
30.2789
31.2529
32.1169
31.3614
28.1249
27.8252
23.8183
18.2463
12.1435
0.746296
-7.9347
-13.9786
-18.3298
-18.6816
-17.9178
-16.5657
-12.8776
-8.23308
-1.70644
2.80892
9.10621
18.292
28.1166
39.8558
44.99
50.7068
53.2581
51.7235
48.3079
44.6513
41.6527
37.046
31.1335
27.2821
20.9597
14.7595
6.3586
-1.75484
-9.64382
-14.8842
-18.7016
-21.2559
-21.2894
-20.9854
-20.9617
-20.9694
-23.3846
-22.8012
-20.1491
-16.0875
-9.68179
-5.75439
-4.38046
-2.6508
0.512336
2.44821
-1.56285
-1.51729
0.0718519
0.822678
2.38744
5.25906
4.90128
2.41989
-0.002849
-3.75687
-6.64598
-9.15949
-13.4277
-16.9683
-18.4702
-20.3003
-21.8523
-21.3885
-22.2994
-21.1998
-17.5045
-12.0959
-3.66068
2.52635
8.92966
15.3966
20.9605
28.0082
32.1363
34.4558
39.7848
43.0427
41.9238
38.8872
35.4672
32.2581
29.0512
27.6954
26.7208
25.2209
27.5875
32.1032
34.0513
37.6825
39.4081
42.6032
47.9393
52.3223
55.7558
57.6363
60.3444
61.2773
61.6085
59.1214
55.1128
50.5094
43.7563
38.3745
34.6478
29.9085
24.9014
17.0606
12.0358
5.48775
3.25553
-1.00778
-8.86906
-13.4173
-18.2702
-23.9443
-28.4316
-31.5021
-35.7099
-37.0636
-37.2738
-35.7152
-32.2581
-30.5917
-29.4438
-24.3432
-17.3662
-13.0682
-5.45593
-0.222507
6.86245
12.1458
18.158
21.2968
21.6808
23.0231
21.8693
21.5003
18.8386
13.2489
8.17972
3.74222
-1.29051
-8.23917
-14.6038
-18.5478
-21.8614
-24.9389
-28.8668
-31.3794
-34.1244
-36.8481
-35.4282
-36.7816
-36.4202
-34.9286
-33.7652
-30.9837
-33.7522
-36.0093
-39.3654
-40.3319
-40.7031
-40.2653
-42.6159
-43.5764
-41.3459
-37.8923
-38.6307
-39.4804
-44.6962
-48.2263
-52.676
-60.7368
-74.2215
-93.8867
-108.545
-121.4
-128.588
-139.187
-157.61
-174.346
-185.181
-190.309
-188.1
-184.939
-177.231
-161.616
-133.926
-110.972
-92.7355
-81.5068
-74.7435
-55.5958
-33.363
-16.1885
-4.60598
0.893105
2.58863
3.43521
2.0988
-4.47251
-21.4544
-31.1188
-34.9919
-37.0231
-40.9549
-55.5974
-66.2893
-66.8991
-62.2859
-58.6537
-57.3338
-63.9922
-68.1247
-67.0128
-64.6371
-60.906
-46.5638
-31.4794
-18.733
-8.68604
2.30265
8.50188
12.4956
17.3353
30.3909
44.5502
56.2266
64.9237
71.5846
78.4642
73.4659
70.4464
67.4356
67.44
67.2016
67.3279
69.8248
63.2639
50.6156
41.1368
34.6014
21.4585
9.3784
-2.24017
-10.5401
-25.187
-35.3769
-47.6128
-59.0368
-65.1046
-67.5768
-69.8747
-69.1107
-70.0058
-70.3122
-63.2943
-53.6967
-45.0263
-36.1232
-26.607
-18.8352
-14.5667
-9.26581
-15.4961
-19.7376
-21.6941
-27.051
-26.6642
-28.3902
-29.896
-34.1162
-34.9895
-36.2654
-35.3912
-34.3956
-29.1928
-25.5508
-19.9095
-16.9015
-12.1053
-7.63632
-4.70678
1.58889
6.02282
13.0593
15.0121
16.8469
19.6979
23.6534
30.3911
35.9258
43.5498
49.7471
56.9479
63.9298
69.2963
72.7999
74.9673
75.263
76.54
76.6997
77.7056
73.1677
67.6719
61.1667
54.8216
46.9542
38.6161
29.6833
19.2259
11.2953
3.8688
-1.75048
-4.25732
-7.98162
-10.9706
-14.1143
-17.3772
-22.7402
-25.4478
-27.6599
-27.5227
-24.6358
-20.713
-17.2083
-14.3415
-12.3074
-12.999
-13.4388
-12.668
-8.10114
-4.53561
-1.11265
2.07453
3.46909
4.11066
1.17373
-1.83584
-5.97362
-8.58986
-10.8821
-11.9058
-8.89071
-10.2639
-14.4656
-18.7057
-21.5495
-22.5693
-24.9397
-30.3758
-33.66
-33.2724
-32.6532
-28.2964
-26.975
-28.339
-29.4866
-29.6204
-32.4664
-32.7112
-31.7014
-31.5906
-28.3653
-26.658
-25.1191
-29.4455
-36.0514
-42.3368
-46.4104
-50.7314
-56.7699
-58.9269
-59.622
-61.304
-63.5809
-62.0667
-61.5733
-61.0021
-56.9269
-49.4306
-41.6571
-33.8509
-19.9078
-6.54034
6.94182
18.2018
26.5705
38.7778
48.388
57.7587
65.5522
75.2415
78.886
80.3256
80.725
78.9916
74.4842
70.6124
64.498
60.4605
53.8798
46.1258
40.6562
33.4997
26.4912
16.1946
6.59228
1.5835
-6.12128
-9.8914
-16.0746
-24.5186
-33.4206
-41.2487
-45.2193
-48.076
-48.3866
-43.8509
-43.3343
-41.7063
-37.2814
-32.2287
-26.7031
-19.7952
-4.81168
8.58148
22.5335
36.5029
46.6569
53.6499
58.8006
61.9309
67.0044
67.9668
66.1765
63.5658
60.3171
51.5318
40.2497
30.8053
21.3368
9.03929
1.33806
-1.43989
-4.93866
-6.05205
-7.03635
-6.71658
-4.21695
2.81823
10.759
21.2919
29.6374
36.2509
44.0732
51.3997
55.4186
55.71
56.0014
54.0101
53.5466
52.7641
46.4265
39.5538
33.4877
25.8427
20.6119
16.8224
13.4858
8.75427
7.30795
6.01031
5.47587
3.6635
-0.221026
-3.04977
-3.69422
-7.55598
-10.2792
-11.0229
-14.233
-17.575
-20.2168
-21.2843
-24.9465
-27.4703
-31.355
-30.0061
-29.2657
-25.3692
-22.2603
-17.6841
-12.6258
-8.36017
-2.57188
3.74986
6.45185
8.89886
13.1606
18.8382
23.8077
27.875
31.4746
32.5251
33.8733
35.695
37.9627
37.9381
36.7466
37.8265
42.295
45.3428
47.5147
49.6558
53.2872
56.6536
60.6674
63.4265
65.0727
66.7349
66.2661
71.5472
74.9493
73.8106
70.3318
67.6204
63.9974
59.5277
52.3601
43.5694
34.7466
28.8292
22.1908
17.5314
10.2221
1.1802
-5.1855
-8.01689
-10.2059
-13.8513
-17.1797
-19.8809
-21.9881
-20.7176
-23.465
-26.1432
-29.74
-33.6319
-34.2632
-34.0852
-36.7741
-38.2711
-39.346
-40.0076
-37.9417
-36.149
-36.1264
-35.1311
-34.0868
-29.9721
-27.6454
-26.5446
-25.8289
-23.2758
-20.9536
-16.9195
-14.3767
-12.6382
-11.3971
-8.12259
-3.96806
-1.30051
1.57462
4.87353
5.64769
6.0561
6.51695
5.96291
1.42915
-5.15581
-10.2554
-15.0047
-19.4319
-25.1415
-32.014
-40.5257
-47.2691
-52.5621
-54.4945
-55.4837
-52.8446
-49.2116
-43.6703
-40.8786
-42.1952
-41.4113
-41.4697
-38.5766
-35.944
-32.6216
-29.3985
-27.1947
-27.3385
-30.9482
-33.3026
-32.6543
-28.8365
-22.5382
-16.1434
-9.69387
-1.38801
5.3263
11.4242
17.231
21.7051
24.7813
29.8087
33.1996
36.4902
39.1464
42.3065
44.7473
47.1406
45.3803
42.5221
41.5242
39.9126
41.3185
44.1403
46.6584
49.5494
51.3862
48.6542
44.6571
40.0914
31.7586
22.6378
10.6739
0.0590313
-9.97519
-23.2559
-40.9643
-54.6904
-68.4976
-80.1932
-92.265
-99.7341
-107.251
-112.983
-109.192
-100.976
-91.4885
-81.2938
-71.5421
-54.9664
-42.8606
-31.2017
-22.7725
-13.0638
-4.40872
6.18376
18.5416
28.635
32.7874
32.2487
31.0291
30.6498
32.502
31.4113
32.0346
31.8779
34.6735
35.7599
39.0252
41.6092
45.8827
48.7385
51.626
53.0069
52.4937
49.6866
46.3423
46.274
42.8291
37.6044
31.9451
25.5416
19.2758
10.2254
-0.967578
-15.603
-25.8499
-31.6258
-36.7313
-38.7855
-39.9817
-39.7031
-39.3173
-37.9881
-37.69
-35.3788
-30.9859
-22.1277
-5.44641
8.66188
18.6834
22.2436
24.2094
25.4321
28.4781
31.5714
32.6072
33.4117
30.9195
29.4768
31.8852
32.6033
28.6433
23.5267
21.9528
24.0093
25.6513
30.8381
34.1384
37.7941
44.0757
50.2825
58.1875
60.1692
58.9767
56.2661
55.4897
53.567
54.4858
52.7155
45.6622
39.141
33.1468
25.2559
19.7993
15.5364
9.52764
8.041
8.69869
8.55818
11.1491
10.683
11.2281
12.8771
18.0003
23.4686
24.7074
22.9068
14.0227
7.58806
2.19732
-3.13929
-10.2149
-19.6635
-27.3288
-35.2001
-44.0668
-54.2921
-61.761
-67.1611
-70.4399
-70.8293
-68.6479
-66.05
-64.36
-65.0302
-62.5599
-59.841
-58.8662
-52.6634
-47.0456
-38.6634
-34.2433
-32.2839
-29.8266
-26.5603
-24.684
-21.9141
-17.3699
-15.2212
-10.6287
-7.43943
-5.97843
-6.29755
-7.31182
-10.1047
-9.58801
-6.68741
-6.55724
-8.58937
-6.19818
1.33202
9.34501
16.3793
