0
0
0
0
0
0
0
0
0
0
0
0
0
0.339159
0.817482
1.75875
3.28106
5.30232
8.1188
11.7794
16.7417
22.6125
29.1949
35.7249
42.3466
48.8063
54.7605
59.9504
64.3363
67.5722
69.3491
69.9857
69.983
69.4259
68.0277
65.9674
63.7143
61.9557
60.3646
59.4054
58.634
58.16
57.4706
56.9524
56.9025
56.4331
55.1627
53.2956
51.1141
47.9385
44.0474
39.3746
33.6884
26.7779
18.8533
10.7786
2.86815
-5.2309
-13.1884
-20.5613
-28.0048
-35.1249
-41.1756
-46.5441
-51.6802
-55.9591
-59.1286
-61.4972
-62.7599
-63.913
-63.9097
-63.3695
-62.9198
-61.3061
-58.3943
-55.4236
-52.4469
-48.5795
-44.6356
-40.0456
-34.7884
-29.5258
-24.342
-19.8706
-16.0277
-11.8605
-7.95986
-5.16588
-3.25397
-1.57856
-0.93798
-1.2085
-1.90816
-3.23845
-5.07167
-7.6271
-10.177
-12.6306
-15.4918
-18.9305
-22.0026
-23.9911
-25.1188
-25.2403
-23.9629
-21.4261
-18.2293
-14.3202
-9.28783
-3.4423
2.72933
9.30752
16.4839
24.0347
31.1331
37.7687
44.0378
50.0434
55.3122
60.3256
64.5316
67.5738
69.1906
69.5439
69.0292
67.6591
65.3793
62.1211
57.6828
51.846
45.1425
37.6934
29.6593
21.1943
12.8931
4.89752
-2.74507
-9.81889
-16.0693
-21.4889
-25.9142
-29.059
-30.2649
-29.763
-27.7563
-24.3502
-19.6234
-14.1884
-7.85226
-0.842068
6.5756
14.3766
21.9598
29.3188
36.2014
41.8884
46.2272
49.7183
52.0662
53.5339
54.2656
54.566
54.4148
53.7375
52.1189
50.1169
48.1784
46.1186
44.2336
42.8792
41.9345
40.6468
39.1542
37.6147
35.9971
34.2003
32.22
30.2656
28.3879
26.2955
23.5694
20.8412
18.3603
16.0413
14.4956
14.0844
14.1153
14.5786
15.5265
16.8585
18.794
21.1096
23.2747
25.1747
26.777
27.3688
27.272
26.2027
23.5915
19.7701
15.2469
10.2023
5.19798
0.593709
-3.84538
-7.51497
-10.1629
-11.5479
-11.3416
-9.63755
-6.4105
-1.76585
4.08789
10.3787
17.1059
23.7195
29.7152
34.7166
38.9008
42.1555
44.0309
44.3326
43.0752
40.6722
37.0774
32.3875
27.0397
21.2445
15.2909
9.2555
3.42531
-1.81698
-6.64374
-10.8359
-14.4088
-17.3831
-19.4877
-20.5382
-20.6586
-19.7566
-18.2065
-16.5156
-14.6821
-12.5347
-10.1929
-8.01077
-5.88237
-3.86027
-2.16925
-0.962328
0.139017
1.06719
1.57426
1.52274
0.902234
0.39392
-0.370299
-1.72025
-3.49935
-5.58511
-8.14105
-10.8164
-13.1972
-15.4269
-17.1712
-18.257
-18.5507
-17.574
-15.6245
-12.8845
-9.31484
-5.03356
-0.0938974
5.34967
10.9152
16.6441
22.158
26.7165
30.3525
33.0063
34.6925
35.5015
35.4702
34.9287
34.0052
32.7855
31.6915
30.9043
30.7838
31.1779
32.2124
34.1012
36.5639
39.4674
42.7089
45.9846
48.902
51.6578
53.8017
55.3721
56.1627
55.7445
54.3497
52.2389
49.4661
45.9218
41.5001
36.5428
31.1795
25.9938
20.842
15.5795
10.4003
5.10852
-0.276766
-5.61007
-10.4663
-15.2409
-19.496
-23.549
-27.0197
-29.3586
-31.076
-32.1934
-32.2333
-31.1267
-29.2834
-26.258
-22.5738
-18.1602
-13.3741
-8.33252
-3.14367
1.96878
6.70541
10.629
14.0858
16.5153
17.8624
17.9941
17.1538
15.2089
12.2553
8.62687
4.46978
0.0967066
-4.54722
-9.31776
-13.7806
-18.011
-22.07
-25.4838
-28.3381
-30.5197
-32.1578
-33.3481
-33.9526
-34.4412
-34.9041
-35.4282
-35.7766
-36.3041
-36.6525
-37.272
-38.1368
-38.8949
-39.5858
-40.0736
-40.4207
-40.9538
-41.7432
-42.9405
-44.9877
-48.1482
-53.1793
-59.8991
-68.25
-77.2457
-87.2164
-98.5078
-111.12
-124.37
-137.327
-148.715
-157.821
-164.689
-168.711
-169.245
-166.423
-159.936
-150.652
-139.608
-126.137
-110.663
-93.7878
-76.5253
-60.2744
-46.6229
-35.1822
-25.6988
-17.9954
-12.6665
-10.2187
-10.3816
-12.4651
-16.1
-21.749
-28.6368
-35.6703
-42.1087
-47.5269
-51.1148
-54.4021
-57.7154
-60.7144
-63.0826
-63.6135
-61.6409
-58.0989
-53.7436
-48.7469
-42.7832
-35.5338
-27.4718
-19.037
-9.53418
1.01143
11.2905
20.9308
29.9625
38.6776
45.7939
51.9884
57.4824
62.4928
66.1739
68.4517
69.8115
69.6455
67.5486
63.8159
59.9294
55.0306
49.2249
42.2569
34.4827
25.2312
14.711
3.62337
-7.34187
-17.966
-28.1838
-37.3171
-45.166
-51.9426
-57.9198
-61.7305
-63.5625
-63.3039
-61.0125
-57.1628
-52.2886
-46.7578
-40.7733
-35.3223
-30.2649
-26.1049
-23.4403
-21.6041
-20.8308
-21.1597
-22.6878
-24.7301
-27.43
-29.4196
-30.8853
-31.6352
-31.4852
-30.8097
-29.6608
-27.8818
-25.2338
-22.2055
-18.4201
-14.2787
-9.53319
-5.1127
-0.872932
3.0878
7.1433
11.3929
15.7492
20.5748
25.3906
30.4831
35.5702
40.9986
46.5939
52.1208
57.2818
61.8967
65.9741
69.3896
71.7317
72.8041
72.5278
71.0803
68.4958
64.8607
60.3027
54.5713
48.0308
40.6472
33.1553
25.9624
19.0476
12.4684
6.3615
0.762177
-4.48017
-8.94754
-12.8431
-15.9822
-18.2707
-19.9163
-20.839
-21.1761
-20.9954
-20.5576
-19.6274
-18.3494
-16.3936
-14.0949
-11.7425
-9.46379
-7.39605
-5.55083
-4.20273
-3.08641
-2.33989
-1.93207
-2.21017
-2.94718
-3.72499
-4.95883
-6.7523
-9.03393
-11.3063
-13.3796
-15.2762
-17.4548
-19.7326
-21.8693
-24.2455
-26.0488
-27.2997
-28.2631
-29.0568
-29.7619
-30.5145
-30.7481
-30.5522
-30.384
-29.9552
-29.7914
-29.6058
-29.7164
-30.3729
-31.6446
-33.039
-34.841
-37.3478
-40.0815
-43.2071
-46.6717
-50.5179
-53.78
-56.3322
-58.1988
-59.2504
-59.1203
-57.609
-55.1015
-51.13
-45.6537
-38.6014
-30.5745
-21.7602
-11.7822
-1.25068
9.46824
20.1892
31.0984
40.9778
49.6644
57.0427
63.1217
67.9131
71.0965
72.7075
72.9777
71.8105
68.8989
65.0759
60.3933
54.9699
48.6902
41.901
34.9982
27.9362
20.901
13.9056
6.84116
-0.566521
-8.04136
-15.2124
-21.6395
-27.1374
-31.6808
-35.4021
-38.5836
-40.7043
-41.4753
-40.8035
-38.6582
-34.6174
-28.9516
-21.8596
-13.8243
-4.82515
4.71047
14.3187
23.7346
33.1054
41.8816
48.9804
54.4788
58.2572
59.7601
59.1193
56.8349
53.0885
47.7993
41.2327
34.292
27.1805
20.2187
13.4834
7.65856
3.21189
0.413191
-0.644593
0.580664
3.4106
7.17968
12.0809
17.826
24.0715
30.3142
36.336
41.4552
45.734
48.8812
50.5601
50.8904
49.8318
47.2761
43.7955
39.9067
35.6552
31.1296
26.5057
21.8303
17.7353
14.1462
10.7754
7.88612
5.45551
3.01767
0.641168
-1.33655
-3.49065
-5.84918
-8.41844
-10.9132
-13.3858
-15.8278
-18.5939
-20.8389
-22.7376
-24.1722
-24.9749
-24.9858
-24.2267
-22.9343
-20.6968
-17.5748
-13.7941
-9.90365
-5.66102
-1.24028
3.36652
7.92244
12.3325
16.421
20.0655
23.26
26.4111
29.315
31.6736
33.5725
35.4212
37.168
38.772
40.485
42.4264
44.5223
46.7928
49.3416
52.1742
55.065
57.4622
60.0826
62.8261
65.2415
66.946
68.0427
68.3757
67.9858
66.7145
64.398
61.246
56.9742
51.6984
46.0705
40.0595
33.4155
26.4972
19.7427
13.4861
7.74407
2.55144
-2.31957
-6.73746
-10.5624
-13.9311
-16.6634
-19.1189
-21.6804
-24.0861
-26.1095
-28.0689
-29.9079
-31.6437
-33.5727
-35.0204
-36.021
-36.6596
-36.8095
-36.7919
-36.3806
-35.4677
-34.2951
-32.9434
-31.2702
-29.5714
-27.6484
-25.4735
-23.2242
-20.9552
-18.7702
-16.4025
-13.8781
-11.1377
-8.32281
-5.66269
-3.36513
-1.27576
0.58435
1.86698
2.16366
1.53492
0.164499
-1.93615
-4.93766
-8.70383
-13.362
-18.7406
-24.5931
-30.1855
-35.2183
-39.4772
-42.8979
-45.3217
-46.8954
-47.9135
-48.0021
-47.4222
-46.0236
-44.1686
-41.8823
-39.5377
-37.336
-35.7029
-34.7098
-33.8206
-32.9449
-31.6815
-30.0777
-28.0976
-25.8049
-23.0038
-19.7517
-15.8755
-11.0575
-5.55676
0.186789
6.0513
11.6251
16.8884
21.7725
26.1419
30.084
33.6557
36.4706
38.5523
40.2266
41.237
42.0489
42.8139
43.5651
44.2894
44.9533
45.1046
45.0323
44.7892
43.8127
42.0852
39.0207
34.6126
28.9492
21.6687
12.4337
2.09921
-9.21626
-21.2447
-33.6471
-45.8843
-57.6767
-68.981
-78.9027
-86.6746
-91.727
-94.3874
-94.6918
-92.1691
-87.2287
-80.3755
-71.9276
-61.9357
-51.4574
-40.7414
-29.7384
-18.7455
-8.3126
0.408915
7.79789
13.983
19.5105
23.958
27.6023
30.1717
31.7849
32.4974
33.1212
34.0572
35.5426
37.3515
39.2639
41.4234
43.4694
45.2502
46.4171
47.4685
47.8489
47.4484
46.0547
43.735
40.4999
36.2218
30.8757
24.3467
17.1275
9.33752
1.38148
-6.25751
-13.4502
-19.9746
-25.834
-30.6553
-34.3275
-36.3051
-36.8187
-35.8689
-32.7404
-27.9957
-22.1292
-15.9345
-9.58185
-3.23983
3.37697
10.072
16.4313
21.9852
25.6218
27.7033
29.0235
30.0595
30.5029
30.3123
29.6598
28.9036
28.208
27.9506
28.2725
29.1042
30.3233
32.0912
35.0456
38.7099
42.4123
45.638
48.6218
50.8947
52.9294
54.4216
54.5802
53.4661
50.962
47.4707
43.5529
39.48
34.8838
30.3312
25.7524
21.3367
17.8854
15.0396
12.8477
11.6098
11.4299
12.2232
13.7412
15.2277
15.7601
15.6631
14.7679
13.3857
11.2414
7.98735
3.45444
-2.41243
-9.28985
-17.0097
-24.5881
-32.063
-39.3267
-46.0957
-51.939
-56.5777
-60.2808
-63.2638
-65.1131
-65.668
-65.3786
-63.9288
-61.5894
-58.3728
-54.9323
-51.5557
-48.1024
-44.2554
-40.4678
-36.6751
-32.5255
-28.7812
-25.1396
-22.0172
-19.1907
-16.592
-14.3405
-12.695
-11.1854
-9.66272
-8.58145
-7.91827
-7.47521
-6.59807
-5.06572
-2.79804
