2239.53000000000
2281.92000000000
2250.77000000000
2249.48000000000
2267.30000000000
2240.28000000000
2233.08000000000
2198.36000000000
2265.01000000000
2288.85000000000
2347.58000000000
2357.54000000000
2361.62000000000
2389.37000000000
2406.55000000000
2393.88000000000
2412.18000000000
2403.05000000000
2415.82000000000
2392.78000000000
2445.34000000000
2465.98000000000
2445.40000000000
2441.39000000000
2437.59000000000
2456.24000000000
2445.32000000000
2495.13000000000
2495.65000000000
2485.35000000000
2506.24000000000
2495.60000000000
2552.50000000000
2575.36000000000
2561.50000000000
2522.36000000000
2553.58000000000
2578.66000000000
2587.69000000000
2604.76000000000
2601.01000000000
2594.83000000000
2534.38000000000
2569.41000000000
2545.99000000000
2483.68000000000
2514.63000000000
2577.26000000000
2535.67000000000
2486.53000000000
2534.41000000000
2547.52000000000
2452.70000000000
2414.46000000000
2397.60000000000
2336.99000000000
2458.36000000000
2443.52000000000
2469.07000000000
2458.51000000000
2389.61000000000
2413.23000000000
2431.40000000000
2356.51000000000
2287.07000000000
2308.92000000000
2326.79000000000
2270.13000000000
2371.29000000000
2394.31000000000
2427.11000000000
2433.81000000000
2390.58000000000
2405.25000000000
2354.86000000000
2330.89000000000
2326.32000000000
2342.13000000000
2380.25000000000
2378.40000000000
2403.90000000000
2384.34000000000
2383.24000000000
2351.22000000000
2361.16000000000
2395.33000000000
2379.48000000000
2329.88000000000
2326.17000000000
2337.98000000000
2337.12000000000
2275.83000000000
2271.03000000000
2270.52000000000
2300.67000000000
2290.90000000000
2336.27000000000
2331.37000000000
2329.15000000000
2333.60000000000
2360.15000000000
2380.28000000000
2388.46000000000
2394.47000000000
2375.24000000000
2381.92000000000
2360.91000000000
2414.83000000000
2455.30000000000
2460.96000000000
2494.95000000000
2482.11000000000
2470.16000000000
2483.36000000000
2474.67000000000
2542.56000000000
2545.60000000000
2554.59000000000
2546.89000000000
2548.63000000000
2528.42000000000
2489.77000000000
2455.41000000000
2466.67000000000
2452.05000000000
2482.89000000000
2493.05000000000
2479.64000000000
2463.84000000000
2445.14000000000
2465.59000000000
2410.23000000000
2393.28000000000
2400.33000000000
2430.39000000000
2413.91000000000
2431.11000000000
2453.44000000000
2460.66000000000
2476.19000000000
2487.83000000000
2478.75000000000
2530.63000000000
2535.85000000000
2524.48000000000
2559.89000000000
2552.88000000000
2558.14000000000
2546.45000000000
2539.42000000000
2554.96000000000
2589.73000000000
2591.30000000000
2571.35000000000
2606.78000000000
2602.14000000000
2572.31000000000
2585.42000000000
2615.22000000000
2611.30000000000
2633.94000000000
2667.14000000000
2664.10000000000
2626.43000000000
2609.15000000000
2625.95000000000
2627.88000000000
2693.08000000000
2676.90000000000
2654.25000000000
2663.44000000000
2626.39000000000
2615.81000000000
2653.94000000000
2641.60000000000
2641.80000000000
2629.35000000000
2641.84000000000
2638.97000000000
2651.27000000000
2679.22000000000
2668.39000000000
2721.43000000000
2733.37000000000
2731.56000000000
2769.26000000000
2726.48000000000
2739.50000000000
2719.14000000000
2682.82000000000
2680.57000000000
2688.32000000000
2655.84000000000
2645.75000000000
2637.95000000000
2662.32000000000
2667.14000000000
2641.81000000000
2616.18000000000
2611.60000000000
2667.42000000000
2682.05000000000
2712.09000000000
2747.28000000000
2765.38000000000
2763.97000000000
2757.07000000000
2763.26000000000
2769.89000000000
2774.61000000000
2787.09000000000
2755.36000000000
2759.52000000000
2741.30000000000
2772.03000000000
2769.51000000000
2768.66000000000
2758.50000000000
2742.54000000000
2775.89000000000
2756.88000000000
2744.17000000000
2782.32000000000
2739.96000000000
2705.35000000000
2682
2658.32000000000
2671.38000000000
2719.34000000000
2725.48000000000
2704.88000000000
2720.49000000000
2794.58000000000
2757.30000000000
2726.25000000000
2733.31000000000
2722.41000000000
2695.94000000000
2715.71000000000
2724.95000000000
2704.92000000000
2704.86000000000
2727.96000000000
2724.96000000000
2733.73000000000
2742.34000000000
2741.18000000000
2737.65000000000
2742.05000000000
2706.01000000000
2727.06000000000
2716.36000000000
2702.62000000000
2687.45000000000
2641.83000000000
2663.53000000000
2661.46000000000
2653.51000000000
2673.86000000000
2653.94000000000
2673.52000000000
2717.81000000000
2692.29000000000
2708.54000000000
2762.89000000000
2783.11000000000
2788.23000000000
2794.73000000000
2780.27000000000
2760.25000000000
2749.30000000000
2757.76000000000
2748.55000000000
2714.19000000000
2757.54000000000
2779.69000000000
2792.57000000000
2768.11000000000
2768.96000000000
2781.98000000000
2813.89000000000
2828.42000000000
2816.07000000000
2806.43000000000
2816.96000000000
2877.24000000000
2883.35000000000
2884.40000000000
2928.19000000000
2928.95000000000
2903.53000000000
2908.38000000000
2890.82000000000
2923.80000000000
2906.85000000000
2917.21000000000
2872.70000000000
2888.09000000000
2925.83000000000
2908.02000000000
2927.04000000000
2917.34000000000
2932.62000000000
2913.13000000000
2919.81000000000
2878.44000000000
2858.91000000000
2867.19000000000
2835.49000000000
2869.32000000000
2857.03000000000
2829.83000000000
2822.57000000000
2845.94000000000
2805.67000000000
2824.23000000000
2821.46000000000
2829.43000000000
2816.70000000000
2824.01000000000
2853.70000000000
2855.90000000000
2866.63000000000
2871.26000000000
2903.61000000000
2901.61000000000
2896.05000000000
2883.82000000000
2868.98000000000
2895.87000000000
2884.17000000000
2871.69000000000
2852.16000000000
2858.49000000000
2879.07000000000
2866.62000000000
2863.81000000000
2880.13000000000
2828.12000000000
2837.19000000000
2807.74000000000
2801.59000000000
2788.18000000000
2782.83000000000
2812.05000000000
2802.01000000000
2813.35000000000
2804.15000000000
2813.58000000000
2792.37000000000
2820.08000000000
2793.62000000000
2743.44000000000
2734.80000000000
2762.63000000000
2742.32000000000
2747.60000000000
2675.67000000000
2680.72000000000
2693.17000000000
2729.46000000000
2743.46000000000
2734.40000000000
2720.54000000000
2689.21000000000
2720.73000000000
2726.31000000000
2702.23000000000
2665.98000000000
2579.15000000000
2487.66000000000
2447.21000000000
2390.01000000000
2313.48000000000
2194.07000000000
2293.38000000000
2331.53000000000
2387.49000000000
2387.30000000000
2248.51000000000
2252.40000000000
2304.59000000000
2299.06000000000
2301.67000000000
2314.33000000000
2313.30000000000
2352.41000000000
2391.15000000000
2450.95000000000
2414.64000000000
2359.75000000000
2276.52000000000
2290.08000000000
2369.75000000000
2365.94000000000
2248.74000000000
2181.88000000000
2195.89000000000
2210.18000000000
2283.99000000000
2298.52000000000
2263.72000000000
2284.94000000000
2288.85000000000
2122.55000000000
2101.23000000000
2115.22000000000
2203.31000000000
2181.59000000000
2188.73000000000
2188.73000000000
2146.56000000000
2089.84000000000
2144.87000000000
2173.27000000000
2190.35000000000
2265.59000000000
2261.87000000000
2316.65000000000
2272.42000000000
2300.65000000000
2285.91000000000
2288.43000000000
2295.22000000000
2222.09000000000
2305.42000000000
2370.68000000000
2349.71000000000
2340.27000000000
2414.62000000000
2409.30000000000
2371.57000000000
2355.68000000000
2397.35000000000
2362.72000000000
2381.66000000000
2397.27000000000
2315.67000000000
2288.44000000000
2314.35000000000
2302.27000000000
2331.49000000000
2293.36000000000
2239.88000000000
2182.14000000000
2183.83000000000
2146.14000000000
2164.88000000000
2163.80000000000
2211.92000000000
2182.53000000000
2288.07000000000
2265.03000000000
2257.90000000000
2292.13000000000
2242.12000000000
2253.57000000000
2211.83000000000
2226.88000000000
2174.78000000000
2187.60000000000
2173.94000000000
2161.32000000000
2116.03000000000
2106.24000000000
2136.95000000000
2156.43000000000
2148.41000000000
2168.83000000000
2173.35000000000
2148.03000000000
2162.62000000000
2144.48000000000
2194.11000000000
2204.27000000000
2183.98000000000
2157.43000000000
2126.71000000000
2138.06000000000
2131
2166.99000000000
2166.38000000000
2182.94000000000
2207.87000000000
2228.09000000000
2244.38000000000
2261.02000000000
2265.75000000000
2264.78000000000
2252.99000000000
2305.55000000000
2306.37000000000
2316.62000000000
2332.17000000000
2363.60000000000
2371.09000000000
2374.47000000000
2390.27000000000
2374.64000000000
2376.65000000000
2364.29000000000
2324.97000000000
2342.29000000000
2329.32000000000
2335.41000000000
2319.33000000000
2359.89000000000
2348.92000000000
2352.13000000000
2328.36000000000
2297.46000000000
2311.89000000000
2313.28000000000
2319.30000000000
2317.11000000000
2320.89000000000
2325.26000000000
2284.32000000000
2249.56000000000
2265.61000000000
2296.59000000000
2286.02000000000
2292.12000000000
2298.33000000000
2337.46000000000
2344.17000000000
2337.92000000000
2324.30000000000
2299.76000000000
2298.42000000000
2261.86000000000
2284.34000000000
2305.12000000000
2323.63000000000
2307.52000000000
2271.36000000000
2286.53000000000
2300.97000000000
2298.69000000000
2257.06000000000
2263.35000000000
2226.18000000000
2251.89000000000
2278.58000000000
2249.93000000000
2251.37000000000
2271.20000000000
2246.37000000000
2232.18000000000
2221.91000000000
2167.13000000000
2180.35000000000
2185.89000000000
2209.63000000000
2244.30000000000
2240.57000000000
2225.96000000000
2210.08000000000
2217.40000000000
2168.35000000000
2168.49000000000
2187.54000000000
2178.77000000000
2137.12000000000
2111.15000000000
2119.73000000000
2057.12000000000
2060.99000000000
2096.35000000000
2099.75000000000
2038.14000000000
2035.80000000000
2037.18000000000
2055.69000000000
2090.74000000000
2072.09000000000
2096.35000000000
2071.54000000000
2077.76000000000
2039.72000000000
2110.91000000000
2153.86000000000
2164.70000000000
2213.31000000000
2209.11000000000
2207.85000000000
2233.38000000000
2228.36000000000
2270.94000000000
2260.76000000000
2245.58000000000
2242.15000000000
2208.35000000000
2252.23000000000
2276.19000000000
2238.18000000000
2275.30000000000
2254.86000000000
2270.54000000000
2262.27000000000
2287.47000000000
2273.28000000000
2241.55000000000
2247.02000000000
2221.15000000000
2153.90000000000
2191.41000000000
2188.92000000000
2190.90000000000
2184.83000000000
2198.92000000000
2172.56000000000
2101.10000000000
2114.51000000000
2118.73000000000
2114.71000000000
2162.64000000000
2190.68000000000
2185.67000000000
2188.63000000000
2170.95000000000
2222.64000000000
2261.97000000000
2266.53000000000
2269.33000000000
2319.42000000000
2313.09000000000
2311.84000000000
2317.70000000000
2343.94000000000
2313.69000000000
2281.86000000000
2299.36000000000
2279.15000000000
2278.08000000000
2283.08000000000
2276.94000000000
2253.26000000000
2235.53000000000
2227.08000000000
2258.29000000000
2265.07000000000
2248.48000000000
2260.87000000000
2296.88000000000
2317.21000000000
2335.29000000000
2352.88000000000
2347.22000000000
2353.51000000000
2417.32000000000
2403.23000000000
2405.41000000000
2416.64000000000
2387.45000000000
2380.32000000000
2367.42000000000
2382.03000000000
2357.34000000000
2375.96000000000
2371.42000000000
2399.80000000000
2399.29000000000
2388.78000000000
2370.18000000000
2411.07000000000
2400.99000000000
2376.24000000000
2392.33000000000
2394.21000000000
2375.91000000000
2377.22000000000
2397.98000000000
2391.57000000000
2397.93000000000
2350.25000000000
2350.61000000000
2310.25000000000
2321.53000000000
2328.61000000000
2320.08000000000
2316.38000000000
2323.32000000000
2317.56000000000
2345.99000000000
2343.90000000000
2342.79000000000
2325.15000000000
2338.06000000000
2323.97000000000
2335.02000000000
2354.30000000000
2366.77000000000
2371.77000000000
2367.74000000000
2404.36000000000
2404.88000000000
2385.95000000000
2374.31000000000
2398.39000000000
2405.82000000000
2407.06000000000
2401.54000000000
2410.79000000000
2421.54000000000
2442.58000000000
2457.52000000000
2468.85000000000
2485.44000000000
2450.74000000000
2476.53000000000
2512.64000000000
2525.40000000000
2518.80000000000
2536.80000000000
2551.53000000000
2575.81000000000
2602.51000000000
2593.73000000000
2583.06000000000
2600.67000000000
2582.98000000000
2626.21000000000
2628.36000000000
2601.73000000000
2578.48000000000
2562.63000000000
2567.59000000000
2573.62000000000
2557.93000000000
2560.14000000000
2532.42000000000
2565.15000000000
2567.16000000000
2572.14000000000
2573.67000000000
2566.60000000000
2558.39000000000
2568.63000000000
2542.32000000000
2521.50000000000
2524.36000000000
2496.15000000000
2492.76000000000
2499.19000000000
2469.73000000000
2485.25000000000
2455.47000000000
2467.45000000000
2495.42000000000
2497.88000000000
2470.48000000000
2471.21000000000
2456.36000000000
2467.63000000000
2476.01000000000
2477.19000000000
2443.16000000000
2436.47000000000
2437.24000000000
2454.92000000000
2428.57000000000
2450.36000000000
2452.01000000000
2452.86000000000
2438.97000000000
2477.68000000000
2481.36000000000
2474.70000000000
2490.70000000000
2479.20000000000
2482.39000000000
2473.95000000000
2498.84000000000
2486.30000000000
2453.90000000000
2421.94000000000
2422.61000000000
2395.82000000000
2370.02000000000
2339.48000000000
2353.41000000000
2385.27000000000
2370.07000000000
2375.67000000000
2336.45000000000
2342.64000000000
2346.37000000000
2344.72000000000
2347.10000000000
2370.51000000000
2409.02000000000
2397.08000000000
2350.08000000000
2304.59000000000
2269.22000000000
2277.71000000000
2278.07000000000
2273.47000000000
2286.71000000000
2288.09000000000
2294.06000000000
2303.18000000000
2319.15000000000
2305.90000000000
2339.22000000000
2347.82000000000
2367.91000000000
2348.95000000000
2338.16000000000
2354.34000000000
2386.81000000000
2408.86000000000
2390.32000000000
2391.07000000000
2376.78000000000
2370.32000000000
2371.95000000000
2359.42000000000
2384.58000000000
2451.06000000000
2469.37000000000
2463.37000000000
2485.50000000000
2443.65000000000
2462.92000000000
2461.51000000000
2446.29000000000
2488.84000000000
2503.41000000000
2484.11000000000
2481.60000000000
2472.75000000000
2478.43000000000
2463.37000000000
2455.15000000000
2413.40000000000
2297.91000000000
2233.64000000000
2244.27000000000
2246.69000000000
2246.66000000000
2177.02000000000
2245.64000000000
2237.25000000000
2284.76000000000
2262.92000000000
2287.54000000000
2253.49000000000
2223.28000000000
2218.77000000000
2244.63000000000
2279.09000000000
2302.81000000000
2305.78000000000
2303.05000000000
2309.79000000000
2300.33000000000
2313.31000000000
2311.49000000000
2327.28000000000
2324.17000000000
2317.80000000000
2291.10000000000
2299.26000000000
2307.79000000000
2326.59000000000
2351.14000000000
2401.85000000000
2405.73000000000
2366.74000000000
2380.01000000000
2406.40000000000
2414.28000000000
2440.05000000000
2442.30000000000
2461.22000000000
2445.60000000000
2438.83000000000
2405.32000000000
2383.15000000000
2420.68000000000
2417.23000000000
2417.91000000000
2367.63000000000
2361.85000000000
2367.84000000000
2384.22000000000
2394.90000000000
2367.49000000000
2308.44000000000
2201.50000000000
2238.98000000000
2290.86000000000
2357.25000000000
2380.01000000000
2399.23000000000
2375.44000000000
2354.66000000000
2365.36000000000
2363.78000000000
2410.92000000000
2408.16000000000
2388.66000000000
2393.06000000000
2407.12000000000
2435.83000000000
2422.46000000000
2391.53000000000
2413.17000000000
2412.37000000000
2420.17000000000
2394.59000000000
2380.18000000000
2373.23000000000
2384.30000000000
2468.70000000000
2489.64000000000
2498.77000000000
2490.34000000000
2505.20000000000
2474.92000000000
2485.13000000000
2554.61000000000
2544.45000000000
2523.32000000000
2551.43000000000
2537.62000000000
2557.77000000000
2574.60000000000
2553.51000000000
2528.97000000000
2548.15000000000
2521.41000000000
2546.67000000000
2527.66000000000
2509.11000000000
2503.60000000000
2468.82000000000
2499.23000000000
2547.01000000000
2622.25000000000
2600.66000000000
2594.99000000000
2581.98000000000
2590.48000000000
2615.22000000000
2573.49000000000
2590.30000000000
2572.72000000000
2584.68000000000
2535.69000000000
2507.92000000000
2497.76000000000
2478.10000000000
2479.16000000000
2478.77000000000
2474.62000000000
2470.20000000000
2440.61000000000
2429.67000000000
2433.47000000000
2392.26000000000
2398.49000000000
2378.23000000000
2408.84000000000
2414.19000000000
2404.35000000000
2400.98000000000
2430.72000000000
2405.22000000000
2349.60000000000
2363.38000000000
2325.54000000000
2327.89000000000
2363.88000000000
2377.55000000000
2396.68000000000
2401.87000000000
2376.28000000000
2379.22000000000
2411.26000000000
2432.78000000000
2406.37000000000
2347.44000000000
2318.06000000000
2333.83000000000
2313.34000000000
2335.89000000000
2355.89000000000
2369.57000000000
2353.80000000000
2359
2419.47000000000
2420.94000000000
2411.36000000000
2443.71000000000
2482.58000000000
2489.67000000000
2482.75000000000